11602
25073
25134
3008
13128
12476
15529
28965
3658
22210
20568
21377
25265
26927
2693
13622
5514
25799
15644
30798
23949
10921
27108
9197
6644
25462
24510
28040
9060
14619
20373
491
14998
29042
3414
7239
9595
9830
31293
22141
16975
2684
22387
22432
5693
26558
25521
26165
4223
29955
26579
5572
6566
27730
28323
26296
274
7731
31220
26317
26326
5553
18136
8105
3152
22816
948
18748
28997
31070
7998
5890
22034
13742
21041
17072
10246
3643
15918
10689
17372
18214
15814
9838
24033
9405
9221
25348
2547
3530
28756
23783
21501
3120
25309
29757
14125
26923
2392
7073
3426
16585
5339
27417
29899
20180
23127
15639
26181
27894
23555
19016
22156
10226
5143
19939
19756
14907
7383
9295
29376
21975
20945
21480
11752
17142
4374
9908
7586
7999
24933
11929
15473
22658
23193
18331
28960
6228
22314
30312
2215
23508
31031
12948
22660
8187
28647
8604
8714
3884
2846
16426
8597
28529
31699
27176
30248
30741
18088
21842
28607
4678
30485
21063
18028
187
16379
31555
10073
27909
14860
23203
12483
22250
22919
13047
29296
14859
14260
25582
11610
25068
24795
17899
9000
7649
12929
9504
12255
20343
8408
17323
185
269
24545
15591
18736
12653
25280
6550
20774
20919
27134
20468
5015
3201
14500
15927
19069
20506
12758
26668
2672
14219
11355
7485
787
310
8556
12209
7233
22121
22234
4597
17141
7522
18506
26754
1150
29225
2426
20045
15503
12334
26604
11075
26817
29152
4185
2178
18021
23082
9462
26789
5841
27900
29853
15028
23071
11794
6510
31399
2187
13046
7747
1944
9827
25012
29072
4464
887
3886
18503
2877
9313
30635
27244
21116
29673
29454
19071
26618
28944
29464
7429
7981
18709
7398
11574
18317
15307
18092
2397
24353
30238
232
29947
13401
8535
16174
22284
27966
29530
7019
25787
27159
26241
21688
5883
4909
28845
31540
5095
12698
9854
17790
3787
1498
5648
29540
25740
2046
22551
4809
4311
2611
31629
22139
8159
8355
20874
30269
1931
775
19070
26734
3423
30583
7181
17307
5052
2626
23914
20059
2236
20735
25079
10981
11904
1882
11212
24388
13323
24450
27042
12683
8539
18051
1020
24337
3820
6969
6680
22713
6560
20829
17874
1471
27858
20220
22105
13977
20446
24443
29904
351
19590
17399
12684
22727
18460
27058
24877
16928
8922
3351
28577
14269
11856
16444
28896
28969
12132
29770
3033
29389
29394
23596
23708
31642
20942
9925
11599
22331
12125
8513
20455
5773
2844
5036
26946
3204
24126
7707
7318
19412
19107
14232
11248
21074
19815
15235
6240
19695
27314
1060
3173
13095
30411
28011
21332
28416
20034
10269
23545
9401
16974
30795
6070
19947
89
5334
1876
24014
1255
11395
21886
2980
9113
11055
29283
9022
28167
18839
26793
11628
28911
27163
30493
23513
29906
25966
19365
13002
4326
19373
1217
21820
16060
31572
19997
21801
29663
15729
20795
25210
21353
3932
4833
20382
6316
12759
21895
7689
30532
20930
11440
8336
2669
30186
6585
2991
17978
23831
13761
15505
28079
16157
9476
28433
9316
3936
19908
14187
5887
22111
29325
17589
18063
19801
32
23394
10619
14541
17096
17368
10999
10469
19820
21660
23905
31553
10585
8093
1932
12305
6359
31777
21802
16825
19392
6728
22753
22538
13497
27048
16667
6155
23840
30619
30603
29453
7070
9001
5687
16175
15711
23821
28764
5476
9750
31179
7499
7714
26209
5455
16055
13494
10129
25695
30047
4411
9608
18513
10342
12496
6862
4613
28999
15722
325
29948
11567
16292
23664
3493
1856
9035
12867
85
23899
10456
9127
28632
24943
19787
29751
25305
11486
28072
16944
30187
1850
6817
17005
5959
8257
16665
15123
6456
6531
11540
14504
28506
29828
2685
6318
18883
29265
24482
1770
16968
5758
5185
18362
20858
25724
13260
30115
7281
31698
13238
17941
15993
17376
16694
22276
23389
15742
20341
14689
11162
30194
28430
16232
5756
9390
27780
24642
984
7198
15730
6455
27778
24925
21140
12830
10598
17182
20563
13614
21456
23374
27274
1700
1051
11909
13918
25152
22227
1457
19853
12248
12551
15146
21581
24892
6208
7190
30863
27658
12725
26637
2798
879
16262
16904
6809
18705
28667
10244
26401
25158
18150
12206
26030
14785
28991
11003
17006
13582
5246
15518
29492
9865
26752
20398
12491
25849
11194
14281
24862
26501
43
11475
390
28719
4260
15364
30121
11999
14812
28198
20313
123
13830
1529
14928
16562
25289
19606
31069
13382
15410
8838
2189
8670
16335
3367
28703
3857
11364
12437
19959
10993
21444
15049
27465
22864
27230
8906
19926
27718
18236
26610
867
20683
1578
2839
21525
26833
18477
8557
2744
3154
21369
11543
19153
11462
21862
2277
1667
2707
17284
17237
6920
19591
13287
23889
31448
8583
20501
27207
4474
28014
4282
21026
10798
18395
522
28487
1990
27341
342
17426
309
5341
10448
16527
8991
20316
6166
30372
15012
22480
9842
3285
9628
781
9333
20407
14174
1055
19014
26502
24565
1818
27428
18355
21524
18797
28411
18052
19117
17800
5127
5414
17162
6452
28326
26871
23953
15197
18495
27951
19978
17057
10698
19790
6721
18303
10692
19394
12982
12824
23259
10430
1193
21513
25893
3140
11817
10171
870
19503
30431
7555
20520
23705
12658
2809
19497
26183
19327
30793
20462
22532
2330
20261
12287
31623
25463
28293
15653
4452
12154
1077
18166
3968
3488
17551
28935
3866
23954
14605
1634
205
9697
23969
1517
26790
20481
22241
29086
1096
16087
16439
17050
15910
30602
30085
18861
7609
26684
21758
21428
8643
12893
24412
12584
2210
29977
7327
1328
24855
3566
12114
6868
20960
15417
1137
652
20333
17434
30324
14832
23142
30593
22682
17605
29340
10304
21970
9792
2411
24009
17107
496
2737
12043
8215
19525
27736
15497
28355
9215
28190
13190
30882
23550
13743
825
9513
23382
31254
21698
17962
28123
9420
999
15309
9176
24915
4748
1841
28376
18960
22120
29718
5666
28279
29409
14853
18932
26498
102
25533
4807
15270
23717
11820
20084
5739
18188
4516
25469
27852
1951
13097
12428
16076
18044
13256
29723
31481
4937
26853
13297
25497
11811
7997
8251
1393
14654
16709
31327
9357
23352
26802
14755
21136
17603
17718
386
22043
17297
16296
5103
2097
21983
10017
7959
27521
14267
29170
3985
5845
10056
15105
25964
14259
2976
23230
26210
10718
26530
3013
14544
27728
24346
22929
26763
8998
16918
23533
18390
28615
5217
30783
17958
21856
12922
27994
23780
10267
29521
6326
28172
7880
12284
21067
19633
28556
1859
4812
27875
29334
28391
16565
2436
24178
9394
23515
20432
21750
520
395
4674
31294
22361
27769
22522
3419
22170
17227
18474
20199
30928
25824
1518
510
3311
5249
11328
26556
7346
958
26418
12008
741
17235
29178
26225
2494
7280
7271
6332
12266
20626
14484
12906
4431
9886
7178
6010
21379
7921
3358
31270
10372
15135
14950
15527
30814
5051
15867
10575
9962
10474
24887
5075
11048
6310
31037
4696
11544
22323
8030
5502
10302
27947
21769
27613
15872
6630
12680
12309
27952
25335
10516
14115
23669
9586
26593
30845
6396
1219
17838
4743
8804
15174
15419
23156
26919
8579
26623
20866
19362
20105
19783
27273
15714
14591
23179
4694
5570
7402
6882
10841
15209
343
8010
9632
31401
12025
9524
22093
1044
9631
27105
30852
5507
14589
18295
12957
9237
22280
596
26533
4313
26890
2619
28880
21637
23233
23304
21299
19733
2279
16268
9945
19232
26659
7805
127
14643
28451
29049
4373
7151
9347
18111
11424
21212
31027
19614
16410
30870
15113
11104
11402
19242
10528
31075
19147
20152
18516
28713
24423
23132
29859
4342
31233
3852
14596
5262
20197
21464
21333
9974
9941
19359
28454
25472
1678
24489
22456
5245
11741
26511
30374
6408
31214
28219
14775
27626
8644
29423
19312
4786
13473
16831
21767
3316
21812
25614
19469
20189
21898
3630
20377
16397
2536
3428
13426
12923
10754
9162
23702
15261
27342
9769
230
20570
13085
2063
22508
21176
9424
25137
31119
4755
21376
21774
28208
7924
4672
4776
2949
9710
11527
19075
1739
13507
5232
21550
4985
19275
1177
3463
21182
20457
621
14976
10673
6504
2297
10158
8506
1151
13246
15956
1584
7450
13599
7504
20010
17750
22040
16755
30057
24977
1122
13896
20031
3288
14927
3481
19042
648
10907
17793
6314
23092
18180
18508
23710
1752
8717
22330
24814
3648
29159
7891
12520
4302
26021
13136
9531
6731
26628
31571
30273
16843
22108
24282
4389
16960
31406
25808
12730
2509
23446
14188
346
2068
4801
19580
25850
27199
3366
24905
22971
20267
7832
26185
3822
11644
16520
5863
17776
19445
19307
10008
9092
14323
546
4525
29451
15253
19888
26315
26825
29760
29930
25214
17203
31121
16580
31009
17025
26815
635
15488
7299
22363
6983
9335
3520
9560
28121
5286
22460
18220
8146
21323
30564
9172
2906
29965
31542
30604
23229
14346
21201
18562
11185
28000
22299
2412
4855
226
17238
8650
20378
27837
26597
3177
4439
20950
29588
3612
23373
17622
14987
19863
1926
30152
21636
14318
15681
22790
14824
7191
21440
13871
29093
18779
17364
17762
9522
30065
6417
9105
3740
27385
27
21066
10756
25501
21948
16026
18649
31505
18806
24260
11327
13541
26914
18258
451
3082
13093
12713
22786
9817
29120
27086
21260
7422
2363
7406
13953
23582
6153
4512
23242
29459
16868
22098
5453
4676
11064
24017
24538
14244
15246
3049
16363
15408
21448
20902
29766
2105
14414
9762
953
21324
26445
7290
10815
24823
5945
12928
2742
28931
26874
6737
3771
30306
23064
7661
3053
16351
10408
12805
19616
21197
30610
20310
12321
18547
11279
13778
28691
4225
16472
18856
20519
22654
7765
16563
29489
17341
31417
7493
18522
16882
7874
16450
20121
5865
12790
27807
28929
9485
29693
10382
12872
11754
10132
24032
13192
24206
6089
6887
31103
14145
9037
5509
18137
3010
9108
29764
5568
12547
6661
15119
16632
2591
24777
19850
13886
19012
9096
14129
27956
25470
6175
6284
5832
29898
20580
5257
5515
26925
23493
29570
5733
23011
18242
29808
1246
24095
9857
21098
13491
11868
4852
7287
25024
12760
30765
8136
24068
22714
6832
23305
19235
6108
16231
31583
29266
14343
25537
15797
15427
10018
4112
6353
30082
8623
7206
17229
14282
22002
17968
12265
15446
1603
17305
11850
15932
20397
7340
15600
28968
24220
18794
20478
16294
24153
5046
6785
6426
3776
19898
16847
10175
5809
17000
5219
29575
19724
7554
25597
13701
28149
1155
12750
2648
8817
16370
14488
29762
26512
5620
804
9133
6025
21229
21429
26117
11236
16164
24105
2364
12895
12789
10582
11822
4008
17243
17533
16835
29157
17952
15016
17685
8973
21373
29031
28645
23426
8934
17878
10821
31218
9707
20522
424
27835
27090
28560
7621
27373
19720
4344
12369
1629
18987
25797
9068
17514
1623
11311
29480
5556
13850
14515
10554
31275
461
30067
18330
20283
27673
8507
10294
10703
26641
31313
11380
15622
8538
4947
23894
25218
8305
22999
9521
3687
28448
9307
26591
29066
16692
281
4459
34
10263
27129
7967
15733
11998
15831
29809
9177
1487
9342
26194
12332
18989
5168
28534
4945
16706
2569
29897
19770
1919
25403
21901
30
11282
22287
26700
2028
2231
21641
29471
1712
5864
4351
2539
25273
28782
17130
11297
22686
31141
16127
23316
17028
13834
18187
25960
4350
20692
21763
29359
15968
1918
10617
20929
13566
6266
7005
26025
30048
16085
10134
11849
14250
29111
13565
2140
6229
16861
16031
24284
15987
24295
29740
11054
9643
19222
28796
2085
26282
3464
16521
14107
23847
14938
27351
4109
31140
1467
29291
6934
21308
8324
28820
6249
31249
2588
31612
19914
24929
28354
29735
10387
13377
21078
29466
25577
27420
7576
15550
12254
26483
19524
17219
18239
28016
24687
29715
14200
30930
19124
15293
24982
18662
15352
13534
24172
18922
16958
10876
23247
27470
15387
16809
2459
14253
4045
30617
20890
15884
168
644
15415
3635
15669
6423
13087
10640
8615
8675
10369
2035
22027
7361
27560
4819
8437
27188
2957
18147
3636
28447
13299
24646
26006
20071
4989
231
26792
11221
8074
15595
15853
11490
11739
10776
17493
16010
6181
27165
9180
26331
27748
26476
26856
4501
1702
24041
8755
17255
1248
7863
30347
14216
13375
8529
1134
30683
14698
30058
13479
24845
13700
6747
4011
26987
20257
30821
2967
28013
5710
31696
8649
12232
20127
9985
6481
2932
30536
17183
17472
10827
26143
10702
27372
23162
5662
13935
6905
17664
4194
23221
12250
20365
15897
5909
27744
6161
8720
21861
16617
24050
26017
6613
20187
11421
8256
8244
3184
30381
23174
11550
17668
23130
24550
12733
19417
7445
4794
1545
25080
28259
18950
6081
680
22795
23177
17647
30488
14691
25298
11637
25428
6360
1817
276
22296
11615
18931
23319
11250
936
23283
27850
1888
20289
17989
501
13178
2409
246
25136
29979
3420
7000
25159
27114
8849
4796
15351
25483
767
29940
23085
30399
15234
11195
27145
19309
23108
4773
30422
3811
14839
12370
15609
11239
2964
20232
8120
777
1864
18479
9621
4338
4930
5090
9490
10893
29218
15704
2622
5537
4636
22351
17473
5794
28870
13434
9256
16769
2369
9352
6225
13705
22235
11693
334
18884
7528
15180
31731
21024
29488
21611
30230
10868
6369
7007
30813
9845
14722
8169
3873
25922
2587
20227
11842
6259
1468
19540
29431
603
25691
20830
13241
24907
23279
18254
17210
8035
20865
18511
29095
6370
3690
13322
26719
16142
22882
23771
10925
2595
8858
25529
27632
3231
19468
19832
3474
31243
11449
24224
13292
27720
17895
17873
20401
16479
4480
20349
11230
28160
7218
26443
2676
28786
18408
16337
21576
16578
31357
21163
543
3544
21669
26974
18963
22799
1252
17842
13550
16957
28928
22874
18790
3624
13551
17101
8919
15184
18383
28678
22662
42
18783
3950
21138
22063
9064
19367
17265
11897
2925
28283
9998
24119
13987
23454
15176
6521
18389
30398
26655
27977
674
15083
22612
10924
15922
13140
2642
27683
13755
18100
5196
18819
3342
15751
12768
15880
15359
7110
27846
23802
18098
30334
9689
1997
20066
6641
8621
8989
15055
8980
20549
12795
1561
7979
26360
1595
26885
9007
3597
19573
24274
9107
28261
22910
11196
27013
25231
5702
29311
9147
30927
18456
3946
15975
12213
2568
27996
11392
7217
1812
251
16424
2632
7712
14716
22433
21038
22427
23870
10144
14263
18789
20706
7226
25826
2807
20500
50
28854
3324
1567
19225
10164
18192
18062
4331
10311
22899
17949
18534
29562
19404
16034
4933
11088
25938
1168
18610
14985
19402
15171
19636
18343
18881
8308
26203
11670
17812
25209
25041
2679
26274
26555
4229
2771
18893
1114
27436
9332
3743
15764
6806
21934
22529
4277
24439
16162
21945
11955
20375
2040
3451
25881
1197
28119
18201
27539
20280
7986
21105
28340
763
4800
20870
9281
29481
24271
15857
8957
30445
11202
8924
12954
12147
1611
15093
28505
27279
537
24469
28559
9911
20488
1188
26362
18582
15571
17158
12690
4655
7374
8052
10133
28593
6713
8726
6849
8677
26409
15815
10814
11427
26525
19088
4675
24435
12245
15646
10997
15338
22748
4208
2274
16182
28722
18723
14477
30424
31541
8555
22751
8154
12813
23968
25585
13571
8186
12291
16080
18792
12577
6758
28295
15590
25131
27331
3841
25293
3728
17185
23986
17122
27826
14256
9996
12055
23434
27006
1413
19647
8043
30792
4071
10657
8346
7056
8896
30961
4420
27130
21381
4699
20836
3665
26109
30761
24360
3818
30037
4164
5153
25374
10986
12107
30258
67
31774
13517
1231
14981
24283
23183
16609
18568
3637
19045
3669
22855
470
1523
2139
6325
2828
27416
16399
3761
6495
28153
21722
7755
26721
3222
13142
29776
7498
30328
347
26379
7533
24167
13244
16378
4690
28723
5086
24980
7440
3435
24028
22710
18787
20617
10229
14217
2453
19992
21075
3674
9091
13107
348
738
23536
24290
8455
6556
30662
7990
15275
4970
7449
24447
15223
291
19513
27336
8176
5699
12608
24332
18357
2460
22858
14637
22824
688
7355
18639
4046
20773
20560
28098
29712
13009
25623
6076
11733
9368
6838
5606
2452
29313
12676
21275
3864
25608
26860
6652
5466
25240
5765
28022
14466
22334
19175
20221
2969
376
22204
14585
15833
2349
3595
14139
26392
9028
14796
21046
12103
23258
18429
12467
25248
24194
15063
20061
3138
16208
23135
23341
10070
16988
21919
12394
2149
31551
3188
423
29598
2366
4766
1728
3987
18059
27759
7203
11624
13080
9006
25083
20206
756
20688
7529
20603
21489
27261
8289
16155
949
5806
5524
4837
15452
642
876
29243
2572
13844
31304
24407
20479
20842
26521
31072
20
28817
2065
19570
22611
22706
7934
12108
10137
14013
28368
68
26778
16077
17977
27621
31284
18266
26924
14754
4408
23385
20325
20317
31761
18039
1131
23387
16455
2386
30278
12639
6391
6775
20726
12567
9519
23944
2050
30090
19058
18087
7779
31067
150
27878
5915
7842
29498
18596
2104
8232
25816
27879
30367
23631
12300
1459
25934
6803
746
20653
18899
7057
7395
12098
31013
4967
26619
28273
14498
25047
593
834
6814
19875
8381
16834
6865
27590
13344
9541
11623
30497
19731
13853
30599
16762
24462
27814
11769
11867
15840
3935
25017
19190
28900
13883
1281
17149
14810
969
25889
23448
4001
17706
2890
28981
20471
30308
18432
26161
256
30706
3508
23187
19821
3947
23622
15010
4035
20905
19690
28264
24898
18878
28424
18125
30780
28043
20229
12961
13483
15643
456
164
24656
25727
28695
10371
12380
24866
9268
5519
6996
28893
16372
16570
6890
22932
31362
22851
22863
28052
22779
18417
18116
26873
29061
11142
3668
2848
7496
31371
6927
23511
22020
26009
30462
29316
21731
7956
2475
31266
10413
15492
9431
15845
7403
15877
28301
27327
18448
11441
19179
16144
14762
1628
649
15217
3660
8047
10849
8242
29592
30601
25829
2934
4292
2775
6603
1745
9956
5026
10404
18548
12164
1658
16894
13525
17497
752
3573
8302
13376
30830
10895
25590
10060
22818
11988
10104
4888
6513
11216
11437
9618
23745
9690
30842
5521
26625
20686
12818
2797
5167
8283
5716
12885
4462
28125
16642
30998
29787
9359
25848
528
19022
24232
18774
20123
12460
19721
31759
16799
7352
24438
1589
25184
25885
8843
6866
27953
3034
3877
15937
3107
21414
21871
18403
21394
27010
29267
7417
14937
16815
16273
13352
30146
25362
2701
4777
31507
28863
2507
1363
17484
17336
14185
22553
29018
8049
1323
26665
26221
8800
5375
24598
23357
17571
20650
5989
16650
18249
27205
11658
26259
242
19470
3614
10658
2074
12446
6071
31235
8611
2683
14530
10800
3576
27364
24950
23480
9970
10686
23938
22663
24345
20274
27631
8448
19550
15343
1029
21147
16154
3409
3593
296
17275
926
25139
1697
11136
18925
26861
1242
2799
19136
14204
13728
15285
24053
14176
5382
27362
15889
27045
22653
11749
8865
4928
4212
13556
19718
18966
12548
13034
2704
20330
4729
20582
19748
7030
4579
15547
29747
27116
19436
29297
8199
6497
30508
15194
8908
30606
8156
24911
14262
7978
12975
28683
31183
21224
4544
4618
21716
8782
2447
12002
4426
14848
20640
10149
2365
21745
16315
17526
14447
17650
23405
28290
25216
24293
17803
25933
18742
24410
4138
17216
25389
27773
16442
9906
2558
31536
31747
21921
28379
13234
7149
15251
15699
12316
8975
15167
10571
11634
23490
7596
26060
20461
8891
16949
25662
1663
4264
22416
22861
3799
31175
10581
23295
31279
7291
23309
4310
12440
5953
15315
13194
9144
2319
23372
15371
19349
19864
8348
5030
23766
8949
22975
9417
6707
27679
4024
31591
24123
15039
21305
11844
973
25880
21463
7270
2531
27788
4799
14080
21104
20362
10068
27565
8633
2691
12122
5665
26988
18006
7547
19137
11346
17547
5752
22174
4117
3468
14157
13618
17440
22924
2372
14934
22012
24574
14988
31099
10517
17736
24825
8163
12545
11240
20966
29246
17739
29153
18962
5751
23118
1828
14385
26405
1239
29242
10929
16812
30007
14963
3677
466
19979
14528
4328
23353
17045
7405
31764
3500
13613
13760
11148
23124
16914
7364
22757
11245
24495
9553
18032
10071
16686
30257
802
30944
27839
23857
23718
7219
14951
12806
27939
7115
8374
2869
8167
24797
6127
13295
20251
8358
11959
23861
16946
31363
30763
18058
7458
23117
6072
20435
23811
27041
2484
14862
27291
22638
23083
10437
24087
20971
26500
11184
21778
1689
13175
28251
2664
31267
5748
10153
12604
4128
18259
20875
13022
18473
5848
23052
6734
19946
1311
4517
17394
3109
15204
6970
30689
20906
13655
26649
8669
13090
23927
7308
30054
12338
5870
6327
26184
1204
14037
22737
11698
25898
21035
12553
23698
26740
26872
22537
5481
30158
31404
10197
14809
204
16190
7014
12858
26648
3680
11326
1934
5406
24275
27832
12989
28675
19542
24981
14598
16906
6665
1851
17395
20125
26156
22640
20677
26299
21096
8901
3986
11986
14635
12575
26232
5987
6840
13513
267
28784
26003
893
25550
18489
7457
17847
4099
10421
27607
25208
22602
30447
28110
18614
24947
7720
4856
26667
6440
7468
11703
31055
3276
12766
20948
2057
11370
28421
2059
10020
5442
17382
28029
7905
12349
14931
20086
11807
16247
25226
27143
3237
12550
1387
22677
28082
29644
10299
7845
31111
6778
22918
4361
24378
14247
29121
28106
31253
7381
11721
1476
22792
5658
10963
16181
23122
24160
6929
17825
25665
24311
10063
1764
16063
14921
18671
13589
6048
24298
8892
10701
22378
16114
233
7347
25132
26491
13575
22690
14676
297
30938
20744
28633
8700
11957
8871
7685
28707
30108
15517
29510
26110
16581
7012
24166
4954
18267
1386
28676
30677
643
8473
11515
11962
17338
4643
22651
8646
26702
18056
20131
9427
5272
22244
16463
6174
23165
15835
5518
10415
1976
6768
3376
14933
29051
21109
5283
3334
31773
20975
7069
19431
21435
18481
9480
8
22960
16788
29600
6147
26064
26031
26038
9056
4790
9389
27510
19824
17223
18209
24161
25401
4472
1519
4224
7790
7597
29378
20725
8693
2655
15279
25078
15383
14315
2093
15625
13008
1417
14581
20439
570
12626
20737
13594
27208
1601
20167
16496
11391
8274
18518
7021
11910
12544
13342
11455
17424
21010
3781
11263
25663
15493
20338
1334
16591
2943
26051
16626
20606
9942
19160
17582
1514
18013
13887
64
7289
3646
8560
15986
22380
3602
10499
4287
19407
18630
18821
3592
13842
9190
12113
18363
6233
23522
3228
18840
5066
19033
11806
9137
26958
3299
7595
25901
26125
24809
23501
13261
20704
18010
30433
15243
4502
21390
154
18684
27319
25122
25198
18942
22724
18033
5292
6063
19008
5226
10533
20802
23558
6202
2011
26777
13789
20526
19621
17656
18863
11291
1045
6654
15272
27867
14972
8885
14286
8534
18361
29443
30529
19743
11255
6170
16955
1382
468
2120
1035
28625
15045
11520
6159
26023
9818
17104
17286
22415
8084
19020
28297
9982
29869
19626
11278
19870
28116
5500
3504
15255
7548
17455
17175
397
5067
3617
24959
12996
9300
9900
10488
243
5814
6365
23939
24960
24595
22817
25259
18452
15746
18564
10826
1098
610
18627
11369
14277
5639
26960
19847
15750
6412
143
15824
28952
12681
28056
7662
22481
25091
28886
19238
9887
1881
26149
29552
8632
11472
8019
25336
31316
1398
29211
31679
19567
31763
7675
27725
19683
17649
841
7294
25511
4316
23988
19774
24505
14350
25717
15225
13250
23895
854
24663
17629
3209
24059
17490
3235
27014
12156
28118
13539
23356
9924
18701
18611
20985
27303
28484
28614
2866
8662
27098
19536
28277
11552
31462
19620
116
13885
4906
16705
9727
826
19708
28131
7214
20164
31282
10396
5440
22261
5087
14203
29959
8445
15079
24398
22993
28222
11762
31475
5132
46
16631
15546
29172
22357
27335
25003
15087
17934
4568
20366
2283
25039
18172
14686
8245
22947
10780
7054
30150
20605
1283
26178
17564
14030
3497
2138
2137
24579
312
12406
6681
20540
10584
10772
24559
21621
3484
16981
23837
8055
10076
22126
19736
6791
14868
7594
27692
21937
14795
7841
7600
17686
18307
15330
14009
14925
16279
1855
15336
9488
14334
5557
2865
18257
7960
9125
30902
18190
10247
4231
11841
14554
26935
18120
24253
25855
5630
18918
4206
6087
17628
30632
6397
10284
10612
12602
55
13347
31562
14240
16301
25288
19918
26164
6198
27601
3195
11389
6765
4148
3440
28425
7235
5879
2455
12908
11226
16500
21227
23609
12682
7470
28996
17271
11979
19363
19254
28075
11276
27901
11616
21277
3532
2697
17496
21412
28953
10206
20838
12831
11713
8122
26430
21534
13870
3208
12837
16029
19834
20899
31644
5610
18444
3531
18865
31176
11894
15682
22300
5494
6480
13345
23851
24927
27047
11609
24027
16727
10544
23567
15973
23086
18609
12123
29972
3453
14372
19255
9638
10126
7127
8383
24270
16890
14426
21059
31625
23777
22407
7310
31440
24480
21566
29164
29890
31246
17348
6046
16428
29639
2420
4588
13570
23822
18952
15282
20092
30481
5354
16158
24424
12594
3887
28237
12839
28742
6383
30180
9378
8359
13470
18076
23974
8531
29900
29256
7634
6963
20569
8826
31370
15706
10732
10613
20888
9811
15222
21493
4705
27816
12046
2021
31478
23126
3337
27338
16074
25285
2485
6611
13796
16068
25450
15248
7444
31046
3858
22425
26094
3371
1058
4027
2720
11247
29224
6054
14230
21216
5782
1935
8409
6886
16047
5651
23146
9205
5588
14460
26818
22173
22266
12973
21349
15247
15460
15594
29165
31106
20018
21297
19269
14105
5723
30456
14320
21465
14681
4750
17391
13464
7941
15510
7579
625
7947
31315
15770
26465
6008
25755
6364
25060
20392
7828
27605
17007
9864
15530
28717
31767
10057
12880
22614
29839
3746
3922
29881
17590
21912
26509
25102
24585
962
15618
29914
27751
20546
12135
13239
23181
30806
31418
27061
7648
20762
5884
21232
17163
17442
27787
19835
11516
1509
11445
11643
1269
28329
28347
27805
443
15674
16395
17959
6818
12524
9395
7258
16270
11500
7865
23936
6338
13191
2245
17471
20207
28103
8888
30621
14361
29217
12620
22837
24627
7125
5256
18418
25766
10286
25910
14714
4802
25315
26177
16281
29916
1566
26417
23173
19432
7366
21632
13210
3266
13462
19688
24587
8932
2656
29184
11151
20412
14522
15145
12222
13438
27462
25006
4275
31520
12937
29268
19670
29155
8598
23232
1207
533
11267
2597
24180
30936
19007
11190
5850
19689
10687
23366
24953
20695
24358
26726
13374
9575
22912
710
19416
10184
24289
21709
28714
24335
30041
10680
19553
30633
19839
21835
29270
1093
23075
31645
14558
28644
30919
6875
30351
25392
22539
1630
27815
18613
11316
20707
29518
19593
16250
10385
17689
7026
26190
11203
29579
27768
16543
5422
15327
15989
8979
31120
25915
25721
1010
20781
10538
25281
13962
5353
22301
24712
28291
26538
26148
30149
11738
8909
19167
9111
7034
8855
31335
23384
7965
14314
514
17441
22322
523
14730
31318
20327
13453
22823
5611
28509
29830
19087
27569
27265
6002
16188
13752
30653
12073
18818
7898
24840
2659
2427
8026
24961
6940
21458
3892
1541
17465
26284
29631
6119
13648
24944
16634
29748
6186
15939
5552
27861
15997
4146
5527
23239
11000
29911
2395
11722
20391
7994
12481
20185
7183
20558
6670
21546
30266
6978
3163
13383
20672
16091
12955
7160
24641
29377
20696
12512
25380
13201
11394
14058
31412
6241
12335
20755
26338
16406
31442
20981
3763
1624
2740
13745
24621
12384
24772
2119
3408
11357
22220
17435
24380
1753
21869
7105
28141
53
20096
1920
2226
20596
28570
14063
5919
14879
4541
8201
1143
19231
31710
23628
27154
9734
14128
1116
22224
30039
13535
2785
15929
21126
9562
18285
5483
3182
18980
7023
3570
26947
9584
28432
17973
12829
22672
4353
15153
10072
26943
7962
6117
28243
24159
4756
11376
30177
16651
26967
28345
11018
11487
19597
2260
5446
11319
18626
29004
7577
4386
1418
2472
13515
18349
2225
30383
7728
1829
31192
23215
14
15559
2935
5601
1740
7578
12677
29749
8054
12588
30786
24934
31297
8879
14678
687
2607
1953
16899
26297
24808
16173
12632
4958
12869
2248
24363
9310
22758
6568
28860
20652
14899
2562
4172
21099
17037
9081
26751
28669
31724
25025
17118
28738
18770
11432
29420
29606
9343
5298
26487
3183
29648
30368
24082
15551
30199
3280
19609
21313
13133
15931
22860
6519
27534
23804
6911
13504
20722
30885
10410
11795
8070
26836
139
29484
17662
5225
14126
6027
14390
1027
30620
892
29843
22494
10210
31100
7636
14908
54
28848
5097
8799
14952
24070
26188
27984
134
5162
3143
19370
8842
576
16423
20043
11331
4979
4230
4712
21304
12326
8680
30395
9651
19849
28682
874
27166
7869
26562
25310
31393
20368
23758
29122
10480
5195
4821
17743
30138
17851
15366
17063
1813
20252
1201
22976
3295
24235
19165
9044
16845
31154
25282
21143
25972
10911
5449
19286
19378
27581
28909
24203
28442
7513
14802
19090
18669
23099
16458
30636
4242
13237
26450
2641
12210
12538
1551
11092
31720
21743
861
8626
23103
5859
21213
23228
7277
16348
13119
10887
15740
9943
31062
24084
9823
11886
4189
22533
2756
2630
28154
8138
15731
18423
24810
19019
9742
31539
772
12741
30119
9492
20777
12675
10926
24671
4624
26367
27442
10281
27732
28897
23398
13094
8369
11681
21269
13864
27215
30607
11407
1879
258
12689
4262
26983
29512
2671
9114
6066
28770
5700
14869
22572
18656
28241
13077
19857
7353
22785
1738
16792
3169
24921
18480
30157
16492
24736
13828
20630
22704
13217
11509
4513
25295
25140
29924
22292
25422
25113
21309
15898
16638
1005
865
5486
18847
10962
31441
29356
10857
20169
20490
27097
19480
28739
30109
2029
30453
10989
30873
7136
27170
11339
31737
23250
30618
24318
10278
8547
19158
28692
23447
12013
1125
11460
28587
5224
7637
1991
4605
3486
10051
19224
7421
21795
6907
26179
24183
4687
1166
1604
18809
9412
1064
30696
1302
8087
24748
5223
16071
18661
27688
18025
20445
24286
15861
632
29954
28829
5429
30147
2316
7915
28083
9980
27710
14074
481
8629
7510
13608
7694
26356
11613
2838
9465
7342
2446
23452
11322
14082
14205
23625
25491
9168
2143
14008
11351
18372
14582
24612
136
5895
25485
21255
6106
15441
22445
22623
31424
3984
10558
2576
28059
17451
3862
31611
23997
22450
17017
30879
26171
1189
17131
19985
25757
22965
7331
5199
11235
4977
27923
25378
30894
17548
16793
9393
23652
2377
30105
11798
2084
7390
28930
26226
19930
17820
29852
13818
3394
25260
2200
30518
589
7098
28175
23587
9
15454
12063
15938
22688
30614
28810
1510
17673
23425
21746
13387
18920
14437
2959
29113
30969
28517
25560
13127
14020
21509
7658
8857
2383
9305
21161
29238
27284
3708
25729
17619
14636
9654
24592
10265
19937
7399
30420
4268
17928
10222
5331
7691
24868
16872
26526
1066
19399
27091
10258
25130
18621
12261
15412
6019
19068
7456
8759
8076
4991
11418
24901
12755
31147
8328
25437
15522
3360
18286
22945
22252
26264
5554
13386
12057
13173
8449
4174
27125
23276
25406
21487
22625
3926
29230
5742
40
15768
17908
9464
31252
15924
28061
27902
