2909
16214
5521
5837
24358
27416
30001
3803
10064
3014
21133
2422
7205
20425
876
12506
14909
27226
26077
4639
18956
13518
12524
3610
1954
15298
4167
7713
13357
19063
6732
3209
15570
9028
17603
6573
4913
22887
18700
13669
8444
11974
4562
9297
15957
27808
5852
8041
22745
22905
21409
687
12782
10849
20084
4486
10595
7345
20804
12381
27892
16977
550
13851
11151
11157
28475
14844
18883
12834
17901
17388
4867
5048
26234
760
17900
14635
31109
4471
11797
597
12626
11461
14736
26499
7868
3848
15088
17521
7342
22239
5461
15099
2186
8159
17874
22734
9433
8766
6855
31168
9265
18365
15090
30297
8799
19394
15683
29810
761
2580
25210
9761
7029
13111
18437
2560
8180
2461
8063
6182
5805
3114
9944
24959
3225
28205
28338
23687
20882
14218
10921
24714
27614
23663
22729
4605
26571
31084
843
31769
12022
6731
16715
25680
3918
8927
31259
790
22326
10013
5789
15615
27474
6234
9624
27837
24411
2757
3996
29748
11131
29245
22337
21121
15441
25888
12262
17619
25200
25341
2657
4096
15577
25594
25093
31038
24233
14811
7212
22468
1884
21882
1765
8165
7871
18839
28539
13239
12215
27224
22466
13888
20999
28146
2013
22200
30018
14346
6427
15154
2417
22899
3649
30479
15583
9178
9034
2615
21244
16538
15165
60
18360
14789
18999
4595
4570
3196
25510
31472
5466
2721
2797
11088
24833
4129
14370
14897
17967
7369
13591
14039
31526
25627
28137
15176
2149
2345
22462
24191
14732
31289
440
9120
21344
31191
8856
24473
17425
25914
7699
530
3747
12321
31609
21700
2404
26995
16740
21793
30739
30202
27921
6470
26904
3257
9723
14430
20770
12088
5528
22692
20943
4456
991
204
25020
8907
25837
23906
1373
14051
18720
9900
24796
11631
5959
19134
27842
12748
18773
24727
10556
17641
24265
7054
24242
15991
2349
30605
6146
7324
15109
2144
16010
28021
28983
21422
29384
15079
25201
4918
16462
5286
9229
16346
28339
30166
14580
6011
30276
25970
24876
2998
30890
22531
10545
6174
19645
12715
2124
17999
9763
905
6567
26698
18422
26346
1363
13271
8283
1768
1139
11338
18156
1347
24902
25345
12136
20265
22553
20931
12988
11525
11408
30668
5806
16195
13390
23934
8818
7410
9106
18474
1585
21496
23838
15093
310
29614
27434
3441
21030
15821
6447
12365
26461
25607
13514
20514
2639
17829
17535
31132
28153
16258
24697
7473
21307
23253
9263
29313
22503
12327
19436
18203
20968
14296
13686
6955
27711
2000
26886
26682
5544
21491
15213
4634
22712
23537
27636
24934
16743
1793
18606
23716
5597
17199
4833
25874
7015
31583
4175
26855
701
17418
18041
18164
19955
27508
29159
19651
1417
27284
3480
19068
20854
8598
6184
29350
6581
21349
11347
19385
9519
5065
15789
2154
5800
3910
29261
25893
20338
21806
19854
16513
20454
13950
14648
10011
11404
5527
20242
1251
21702
26701
24849
24229
20533
12465
21801
5291
13643
18105
31591
6242
11117
8092
27849
15967
27176
16578
18909
1215
9596
748
17399
29548
1672
18303
30755
13517
20056
19586
31024
1394
7059
1835
22634
27610
4149
12999
19310
18820
5126
3654
6611
4346
13857
8631
18263
9701
750
18793
16387
24066
7157
24705
17487
16449
2369
24612
24996
29486
29693
28556
18297
2675
12613
18790
17151
11003
17031
19670
2787
2051
10824
21644
6058
1548
15943
30220
1463
6407
8447
605
13127
10058
5895
24019
20331
25342
30323
26468
22049
21769
24554
9421
17315
1070
19892
51
29946
16759
10726
15623
7251
9416
8863
20219
29640
6551
12141
15415
11880
31599
218
1580
29966
12026
388
21909
17310
15304
28813
7631
19783
27675
1013
7069
31688
21652
18750
13463
16973
13369
10918
24128
13347
17218
28415
20951
18573
3733
8422
12861
11362
14055
7931
1140
2860
22862
12053
5720
17996
1700
29466
9593
31629
9867
15146
7403
26521
29046
16551
7016
5650
307
8980
6840
20106
7426
7152
24096
20648
22595
27543
26120
15449
26671
20024
28571
17311
14224
9828
15781
9571
17135
15910
22112
14053
25050
9618
14457
31524
21279
18560
16953
287
6314
11723
16909
25985
4063
14200
10233
24845
15254
31537
14205
27277
16647
1592
16755
6344
26880
2785
12718
20092
21036
19218
30871
7924
7728
13312
13929
4981
13395
20017
26060
6252
11936
3415
12969
20641
13068
5306
9754
11953
12888
25870
4725
26920
18836
22305
27334
23937
14938
1246
23914
1301
5324
8679
22776
18671
7277
9214
113
26678
27731
12458
14250
18137
8415
19744
16758
21406
24221
6751
25710
817
12146
21551
23852
17668
2168
17594
10300
9646
8928
20266
347
9501
21214
30163
18914
7055
5907
3838
18960
19706
6483
27891
4528
11169
7256
1433
1945
20512
31220
22816
13421
5486
1912
9388
13028
11563
13810
15261
25286
28001
412
15180
29504
2361
17351
17680
16161
3472
27271
15757
29393
27061
7202
10729
14063
9914
9824
28222
2729
28632
28036
19469
8658
5721
7427
21524
24799
18373
31438
23581
5534
10345
14604
4211
25685
19694
28592
9153
21904
14146
9932
28630
21676
22969
9049
29495
26946
7388
22432
10704
15424
19908
11718
25307
18038
19204
10401
18689
13492
4646
28533
2344
20459
10148
7944
18314
4671
12607
9547
816
15173
12415
11930
3660
30799
31771
2852
2553
22710
14448
10559
17323
30375
11222
11366
28710
5749
20474
6100
21102
7402
14787
15380
5058
6590
16964
23645
29819
26098
28829
6327
7424
4667
19510
15039
3589
10596
2381
29921
5733
5008
26585
29569
5361
21177
5954
28588
14151
19415
15884
10002
24491
1234
1477
27964
8611
14515
25921
5418
4805
392
24203
2020
1623
5212
15843
16443
15100
8899
21196
856
3770
4165
31045
13238
5784
31733
10487
29895
22331
24413
10768
5799
7784
23261
22186
2717
6414
22406
18438
30440
5807
9069
22177
9565
10337
15593
26551
23435
15066
17389
17760
11887
17074
22023
7914
2224
18361
12830
23887
27694
27687
30534
16775
18831
14277
8301
5613
4633
5748
11992
26014
31459
18659
14797
14060
4862
10733
9387
12726
17297
10767
7443
2656
6599
30632
15215
24517
22199
18876
13992
28815
30284
7435
4809
25847
4663
3063
3331
10091
11491
1744
10734
5526
30229
27716
7132
9124
5560
9497
20428
5565
5447
12201
20515
6026
31565
6710
12448
10942
31287
24848
20713
8921
27635
15237
14225
6456
14415
28498
1134
3929
16029
28141
4829
15011
21167
8960
8405
5727
14229
4582
19624
25960
21895
7414
19333
23783
26681
27005
24049
30292
17855
18674
3692
26953
22974
29709
20227
20437
18542
16765
28704
30686
29445
21212
1381
20980
24540
22201
4503
5821
1038
23186
6190
2935
30713
8841
23910
21189
27510
7347
12025
23204
30800
17210
1609
3182
21786
25655
18293
26134
1706
30677
21880
22921
22402
15480
25744
23476
3752
4409
30665
18380
10644
26878
22445
27446
8865
27854
31102
12670
29492
1358
16057
8583
12309
28761
24712
24450
2265
16850
9259
18752
20780
1524
22496
14137
13098
19480
4748
10827
11501
4227
23436
4771
18711
4958
26970
5728
11128
11278
12373
29047
31291
3204
10441
14749
4266
15613
4638
12029
5704
6706
19517
9230
13772
30572
20650
15784
21229
4421
7923
24737
25430
21298
9978
12858
19275
3978
2175
27883
3115
1151
22082
17226
30843
13085
27451
10015
7815
3061
5563
7377
24167
29976
12766
12172
23356
25742
4293
540
7418
3064
20633
16638
23219
3024
20110
17910
2412
29013
14516
11616
9458
16565
30718
13083
31344
30634
2103
5856
11542
3944
11802
29660
14994
11577
869
23723
8577
6836
29846
17625
19272
11759
15994
8973
11010
31707
6752
14118
23703
3385
1643
13644
14088
8852
6400
25751
22421
31252
12580
3288
20302
20598
7110
2808
28767
2851
17327
24694
24673
17501
7855
10455
1472
14900
23078
22237
13681
14130
28852
7642
25997
14330
745
24657
29396
18294
21997
4635
23417
13355
29746
17027
15802
17720
24678
1917
3607
9860
14846
26762
24789
167
1514
15825
24426
372
556
27096
6325
10650
12472
17906
1017
5083
23246
104
21810
4581
20756
30798
14699
28749
25495
30111
2493
9086
12987
6479
9276
7222
12341
1111
11643
21461
30360
20706
30453
14476
1683
28775
11419
28105
22298
29045
31355
24636
9104
2403
27082
21717
5905
27283
12660
21417
16720
5061
5984
11963
3757
14417
30758
18382
9676
23206
20933
28733
19774
13135
22308
2650
20625
29210
10225
31100
13556
16822
13277
13939
16122
6636
26046
7729
11569
4580
29628
19336
12289
4130
20086
25907
3060
12348
18459
24681
20816
13456
3850
2407
28650
10872
26655
10518
10935
5778
8385
27494
24590
7337
13407
29769
21055
17472
2882
23771
16208
6511
17925
25635
16309
2906
17692
6220
25891
14837
4647
17066
15681
4214
4051
28747
4717
1529
10028
28659
9891
25281
15708
15698
14723
28698
27613
19499
27737
7379
8767
14902
6032
13479
9758
20460
17060
27644
13087
9663
29191
15373
8090
6051
20501
129
13656
3917
2903
18823
7264
19220
3311
16637
15985
30790
15629
31491
21914
12062
19754
8094
24407
22010
31649
1437
29476
5197
27196
21089
18962
684
10865
24219
21726
18179
13219
3135
28206
1454
28818
8426
22931
8085
15754
10641
8341
10040
25077
27363
25287
25707
2212
965
21802
16116
1510
18991
22086
4195
25279
29602
14381
4093
4741
28210
5722
5653
4828
14182
30020
16958
29165
23380
12634
8541
10301
4052
12380
24171
28187
16420
2301
16474
2954
4383
2837
237
11667
22965
5982
11465
11911
18602
20279
17461
17360
30083
22045
29524
9033
22257
8343
17313
10680
23020
16918
7589
212
4365
5500
19979
24112
28429
30247
31114
20251
308
2177
446
1983
10203
18320
29876
6982
22378
24453
13265
17715
9052
16664
4297
29472
17634
6144
19803
29634
18590
11722
8605
31479
8093
28428
1383
15512
4194
29835
16900
27868
1484
4820
27140
22801
17791
15896
14496
1217
26232
24467
7537
18340
6453
26260
12786
17993
12393
20379
13110
8539
16008
24289
2885
18092
3259
13560
29332
5006
11999
28359
9291
19589
27241
30905
3406
20305
6134
30279
13587
14628
23551
12545
7239
23
24399
17289
8005
19541
1324
28094
16543
1067
14691
21576
14806
6609
6408
3531
21139
28129
8377
31256
24693
29998
20982
26725
1442
19281
19628
5598
12842
21592
5746
15731
30551
4589
20956
14267
25028
1685
24270
22527
21889
6909
10836
17564
9005
28410
24374
8880
18501
9896
7346
30268
7927
1873
5631
23728
21610
3605
2608
8827
26068
2495
16589
8374
12242
11620
29370
2886
27372
14231
146
5202
31722
15427
26623
28132
28621
476
16379
27178
9609
13012
16954
25712
25080
7272
29823
18781
40
17379
11220
23964
16754
29798
17647
23843
6255
13849
7186
24335
17678
28314
18432
18136
8746
26155
2777
28609
17770
23468
30426
8830
17694
9771
11178
8131
11634
11618
7326
29394
16436
12657
17669
25848
14064
7273
10312
9475
19661
28366
18527
19118
6077
13341
3428
32
10480
8844
18125
8667
8736
26366
23739
1847
30967
7525
31695
562
24562
15523
14569
1749
24342
9186
15211
6745
13419
21272
21967
29937
13573
6656
28291
947
15053
4151
253
18699
30085
25337
18196
10886
14211
11466
18174
28188
2853
14805
9620
13156
4886
27085
23667
30480
13575
17544
4405
20325
15589
13984
17854
23760
23392
23003
11395
14812
27790
10546
30477
14390
13398
25203
30543
999
1789
22949
26277
28167
11629
9572
10817
30444
28882
4046
15035
24720
15936
2720
22001
19460
14971
6302
16965
14689
10238
2172
3875
22238
31340
5917
17057
26420
18874
385
29032
14609
16933
4713
20462
20156
26376
16283
20822
16564
4723
7100
11513
12275
16844
8850
12256
22211
23574
10380
25861
16196
7071
9347
30664
26056
934
16398
2716
10572
2834
31743
20654
25722
334
10271
21924
22678
18729
2282
29405
2821
18117
12314
21605
20010
20171
10868
18552
18763
124
12903
572
22497
12498
24336
15271
31125
12054
17247
21999
5703
8458
24702
5477
22753
26001
19689
2183
5217
7444
28469
9636
7149
15302
19428
13158
16377
13700
13721
14532
17552
2079
28316
2545
6698
9554
26042
15491
16853
10875
6485
25978
16206
1699
201
4427
13521
1895
21293
24459
14376
29697
8284
27447
22964
11396
4095
10870
15395
29450
17955
2072
12840
9637
26419
533
29255
9672
20012
10908
11299
14910
25700
29592
18623
6433
25195
30869
31048
4530
21320
20934
22198
2275
18062
13314
4355
9871
27109
10841
1402
14546
30885
3222
20619
5697
18364
12852
11821
26021
30455
19261
3759
19249
6997
6677
31129
17255
12390
11806
2686
5779
4903
26775
24174
22645
29419
21187
24957
297
24003
28104
24008
8361
27103
1737
3643
4415
25193
19980
8878
239
24172
5927
20942
28886
13452
31069
3928
23895
5188
7881
13563
13171
7017
2948
20904
15532
18971
22866
22819
31556
5302
25375
8661
16364
457
59
19314
9369
4338
2664
13917
3646
8135
1280
29809
27335
8945
26043
17153
13159
6841
3128
26401
8226
10484
22410
14842
16486
14166
11912
17256
24995
21464
19374
12182
3091
10479
24736
26303
20883
26812
20775
21511
16095
20074
13538
26440
1196
11707
22959
4772
22618
23009
9400
17348
5983
9322
19338
20055
18629
12446
3746
21220
9395
29760
4109
6005
27469
23563
16446
6831
3786
4680
21410
6526
5933
26889
7552
23700
2271
16386
19712
6343
30327
24308
21813
30979
23394
17126
6394
9574
30419
15622
139
27774
28898
15804
18265
21338
14097
11866
5479
20174
16986
2174
18310
10749
18279
2565
25167
1059
21355
13181
19472
22898
30678
13003
23815
9506
8384
22140
15339
466
14508
30762
10928
3927
7286
10588
16249
2542
14813
1633
15352
16895
8765
29620
14142
17919
30239
26766
26244
6605
11585
1445
6898
6952
30073
4403
23174
27114
15295
18192
15219
13470
1498
28679
17185
4558
3239
17453
21054
31584
30873
9239
13561
28120
16545
7105
8432
12489
22907
7281
23761
26589
13660
18411
21127
5955
24343
25966
2661
14145
30222
19896
20306
10747
17670
4765
25979
15150
14302
2788
18995
23110
8139
11323
9527
16493
2126
23999
336
23972
26448
7283
28581
16628
14716
26770
11002
9879
5472
25898
2668
30922
21525
10560
2487
17458
29454
22303
24010
16016
21653
1076
4329
668
7529
22626
17391
20835
8705
5974
22957
29470
19013
18147
20102
3668
24661
9272
20941
4947
29401
24436
22318
23298
9712
27263
266
2577
31535
18067
20160
24690
25302
16257
21828
6463
9071
11237
4493
1966
10417
20917
29095
17632
7028
41
721
31671
21250
16319
10629
19110
27721
5847
24302
5758
435
3724
21327
10622
1974
31311
7574
16921
19605
13439
2280
27988
2442
9359
25518
13450
21849
27768
31299
27477
3446
7592
25657
16026
29408
10604
21342
7072
1233
13838
333
27386
2353
23063
18317
6908
18138
26162
7709
31244
30321
770
28753
21218
16785
6730
27961
31636
28150
20049
1262
6350
22296
17500
9702
29040
14499
16228
10847
23828
24911
4972
17110
10774
19681
22960
7263
22351
24093
11337
17735
12527
15296
29870
3068
14384
7594
7758
295
27536
28481
28732
21565
11649
6292
8287
7315
4102
30729
2772
18920
13307
16007
2062
1663
5932
23727
30498
9602
28513
27035
6496
4665
699
6596
12008
28400
6015
26469
206
15043
3001
29424
29931
22373
2786
2526
18423
26869
9627
9165
25600
5024
22514
15584
18162
1449
7562
913
25411
14373
20355
7691
22055
11016
6662
16681
7865
25129
30488
7477
17892
23882
12152
10331
16507
11870
7155
28253
24958
20248
4131
23912
801
31434
7062
23378
29781
3709
18039
28599
16317
29563
8043
16209
17660
25076
29262
6822
22806
7849
15782
12951
21784
21021
23136
15257
10477
4965
6574
18873
12745
17579
18572
18964
4053
18236
27036
30562
8223
27453
13657
7862
4943
3600
3375
25502
8217
20866
31331
3815
24603
11904
2931
28648
23131
9540
20952
11441
8232
27204
5608
21086
3535
27698
15407
12574
10022
10755
20829
26980
3381
16776
14462
19565
27326
22557
16193
22708
692
30483
3090
647
13853
3873
22763
24363
354
6927
1579
1604
5588
13797
5757
13229
4350
3151
383
24384
28324
7820
28307
21858
19294
17013
22837
15633
395
14725
12687
14777
26558
9445
20178
1035
4302
25285
13427
4242
1583
21483
23611
17322
12695
26577
17333
4681
17582
11531
1283
29582
9177
11632
27392
6383
8036
6658
3995
2201
15545
10914
29024
6161
29788
17801
12269
27486
14645
867
18555
14864
12258
21588
2230
6370
6726
802
20164
19446
10503
29157
8031
13338
11199
19923
12589
9337
8614
1473
24338
19239
6642
3490
22904
16935
23917
15693
46
15678
30511
18377
8326
21143
13508
25633
11425
10141
16264
23830
19153
31104
21165
3965
5854
31248
4440
19047
10944
14711
1333
10169
16086
27441
3560
31642
17413
15057
24743
2148
18521
20916
2992
26703
26763
22105
9778
29571
3070
17157
9078
7430
644
25189
15321
11384
22276
16383
5599
2773
5018
29260
14000
27353
12854
20472
1460
1439
22998
18709
14368
21794
17230
8855
16484
7901
6071
13622
28833
12818
16610
28214
6341
15014
23844
13703
23318
2660
21112
7261
31501
12703
18478
19406
18050
31324
24981
27562
18507
12186
28364
28484
4048
19931
26423
21484
19212
7321
4971
20152
852
29152
3865
17215
8208
29055
27240
24823
26132
3800
27448
11226
24074
28776
13584
9281
197
11836
20559
30719
3957
10021
4577
22372
11035
24279
30541
16736
29082
7947
25274
25717
6976
8250
24420
21753
13592
1938
23679
5743
4642
919
19530
2211
18253
82
6094
2856
2816
20223
929
2980
10930
21157
21024
11316
26434
19089
8789
9206
16987
6289
8243
1409
6388
15169
20041
29297
10491
13441
13549
4075
17965
15854
4986
9884
22354
30151
25852
1898
10364
27249
18134
22171
8171
26650
28666
5499
16470
25714
18512
16504
449
29246
1985
4880
24021
624
27933
3951
3066
16869
8461
23242
24110
16829
21730
22287
29595
4849
14272
8028
19386
28734
15467
30785
18110
18985
2438
18286
31765
168
5073
4126
17781
16339
15645
8104
7996
17044
9679
16079
6782
31640
277
28351
16075
17312
16945
10016
28290
14771
2893
7834
22494
12332
4160
28401
18165
22791
14781
5545
10362
24898
12217
16602
7972
23859
25071
1773
22973
10761
31222
1987
11136
11898
12333
8020
3418
28215
19926
18583
16401
19474
21680
19696
3694
28185
23688
28048
12007
21476
2625
15492
9079
27531
19323
10757
28662
12241
3035
26900
10449
10296
19177
30764
27792
29315
470
21149
19435
11853
13306
8518
2859
14222
1249
738
20468
25723
16118
9728
11287
7948
9590
22612
19202
23042
16142
2052
15537
27813
19277
17683
23406
3427
18663
11960
6878
27244
31601
11937
31394
30451
15198
9855
19870
14875
31258
11317
22143
18187
3396
27030
25821
13485
3244
17992
18073
26236
19009
15530
26374
21528
29206
8793
24807
27521
21720
26195
12378
22584
13325
8495
5809
28804
28159
21451
13961
1235
17207
15190
22992
12845
1369
29473
409
528
20842
7136
9432
8486
23116
22099
22219
28670
2672
8572
11758
8151
5826
20859
4836
6369
6785
10420
25044
20832
27710
20739
16707
938
14655
28250
23514
30892
28235
21099
15798
4451
5397
19562
17108
1429
2041
1175
7653
29565
118
18973
16611
6469
18591
23101
26361
30117
30626
2983
12994
7781
16407
27594
20103
9756
17776
25271
18545
8420
22987
7536
3379
20848
27223
29999
11464
17136
16524
25802
9801
23774
29459
320
16460
21158
13088
21672
10993
13296
11084
5136
4343
13894
23516
5137
29799
15028
19836
23128
14548
1158
23870
29943
4535
9681
30531
3854
23081
16132
28910
19592
16523
2360
534
1752
31000
20273
671
26147
25854
2535
19485
11830
24506
11789
14589
30173
11153
15635
23485
21805
16518
15733
14420
22856
5032
3447
21625
5586
12879
18935
19858
26491
1546
8409
10098
15097
29103
10324
29923
25670
27512
28130
8528
24518
16805
27065
26355
24722
23489
9575
5973
31758
6709
19570
11816
2943
14488
31364
20621
5550
10428
22341
625
25041
20847
19561
6540
29856
26810
10068
10088
17644
14942
17222
5460
16934
1202
14642
6615
1710
21311
20485
930
9649
2971
20734
15739
16051
8367
418
27138
7649
28925
27346
2791
11550
14918
5950
28059
25954
18980
13454
28584
9110
27852
10201
25365
7597
26840
7715
5706
8540
26527
4379
9355
22209
25645
31204
2191
18834
16739
7578
22546
11049
3119
3947
30789
23111
30402
14125
21516
25943
1440
23896
31207
25138
27006
3076
14980
23464
24992
25561
10434
26093
5143
20479
5424
21699
7234
3197
13567
28547
10655
25991
25889
29615
30206
16440
4845
3871
16210
28880
21294
9060
19303
9023
26414
17183
12612
4876
9112
1005
20909
18120
9651
21362
24851
20566
20137
23637
22484
25593
20527
27725
1163
18452
14453
16217
2894
28612
3010
6069
31408
31281
14669
26568
22850
26010
16089
12475
11402
22275
22649
14208
22756
27501
25809
28423
7158
882
15137
18394
21633
19981
28633
9168
21584
131
1320
1690
14124
765
272
5770
27589
16887
22868
9435
4502
2951
5014
12623
24835
21011
31616
5004
23786
14489
16145
18223
12661
9925
12354
8357
28689
5656
31713
10739
25311
16689
20732
4908
7441
18159
24927
844
5408
9922
837
23549
19869
8022
11540
5057
25023
17690
2586
13726
18434
26485
30130
18622
22906
11064
13569
11942
26590
6648
8625
28038
27292
14016
16329
10027
16331
11124
9755
30088
5931
9564
16184
6936
11868
19032
20116
10567
4410
4613
8619
21039
17105
27017
21723
24104
5262
11189
3321
3937
10259
3160
9802
30523
14350
15521
25617
28806
30628
18358
23692
12361
20653
6542
28161
7718
3402
2024
7506
19749
17497
4394
29414
19724
22195
23363
22805
27585
4597
26892
11149
8478
2936
16678
18559
17404
28691
20262
31684
18339
21972
30246
5383
13063
525
4108
8950
19376
14157
21465
20495
15511
1830
36
29151
8895
18173
4697
17286
10263
12005
10771
29242
20674
20591
1778
15922
30369
30237
17182
5417
12521
9539
28346
23269
1939
1001
14730
20418
13852
9200
15513
3985
8994
11907
29483
9902
19821
14328
30050
14956
26169
16246
29613
12358
30304
31070
19169
25155
3198
15766
15046
20833
30867
22009
17531
29912
8074
17248
28285
21322
17952
2725
8068
24030
18084
19996
28367
2244
4623
183
12410
7678
28453
11288
7300
9632
874
28389
10034
30533
16035
31213
9779
29501
10026
25084
18923
17190
2043
31156
28405
25390
20272
16619
16242
12351
25787
22758
5833
30362
17545
18436
1682
27963
5979
8332
18648
23673
7795
9951
13585
28707
3475
3671
12421
21668
13855
7613
11636
20280
16747
25421
4020
29004
13403
26353
1278
29967
16412
6037
19200
15446
4802
20767
16097
2635
15776
23123
22984
27357
11138
3887
25699
30549
978
13699
18925
29897
17202
16783
23448
24949
3223
28424
26473
23224
13141
20463
3497
16763
17716
14202
17633
27925
7118
2046
10348
8685
17794
13146
27526
25079
18889
27088
29372
28614
17448
30361
29520
31748
4413
30383
11096
3365
3720
1574
17916
29017
20761
28228
19925
21198
260
9837
1756
2781
2352
22944
31668
4278
19147
3105
14494
28190
3018
10839
12398
27125
22347
1992
26100
630
28194
27532
2440
29829
22952
27115
13408
17229
15520
4333
18005
4417
2701
156
22256
10129
24573
10609
5718
6964
13202
19637
4094
19798
29541
20233
11391
8315
27514
25173
5120
19947
8566
6030
23984
14108
22479
26479
17476
6675
18307
21033
27695
15239
238
898
29227
5702
29694
23583
15220
25429
20864
3550
6382
13525
27632
298
13635
19163
28269
10237
2305
25584
7780
28784
8760
22385
25565
3072
9473
31242
15045
27805
4250
12240
27023
2605
14818
25366
26356
23037
17657
29093
4110
13139
7541
16665
31716
9437
30965
25448
3235
17022
21940
29805
8002
6780
20753
1257
483
15980
7531
22506
4282
4252
6390
21621
13932
285
18701
28374
10652
12168
10466
18008
31563
14671
16295
11700
3421
20705
19094
13467
12480
18370
13684
23105
9030
15769
27267
15019
15705
26957
15452
11656
7296
25695
29099
21069
4028
9147
26265
16064
29449
4661
27692
20250
30540
12964
23712
20382
13554
17935
10691
15929
922
11921
1679
26118
28281
28394
19664
14688
4924
20874
14986
27493
30211
5232
29954
11082
21242
3408
9409
16734
24840
15598
17514
5210
28913
28807
19823
31145
29108
19102
2113
6570
18627
6687
2546
62
3479
4735
13488
11095
17712
14497
24672
26011
13033
15030
23084
25897
2120
19015
10857
6487
21903
7583
19150
20530
9835
26235
24742
8270
28164
30633
15371
15387
12502
5414
28090
1291
11382
29088
13337
5918
10460
1549
23499
23414
3795
14610
14914
1451
8954
24740
23903
3548
29038
14213
3019
23548
224
3484
15988
19463
2760
29164
13596
5894
23576
30780
27884
5518
6830
10038
4371
1769
21641
5638
2796
15058
23907
6209
19650
12821
27055
9199
19456
8935
21308
6720
4625
20561
8627
2993
19313
16096
11486
13941
9152
21108
23840
20923
617
11297
12282
35
25298
7933
11085
30489
7712
523
21780
2272
12526
8814
28455
14375
11052
12076
30829
20046
17862
11195
17408
8975
26435
1933
11119
6510
28229
16846
2089
10269
23710
26973
4022
29016
26145
23981
4559
14239
24688
411
20617
24641
23521
26294
6054
15958
14533
2695
2873
29497
25175
10742
24596
20807
22446
19048
19060
21435
6708
27002
18097
23421
14361
21917
2638
5538
16362
1656
14923
19881
21321
964
6842
16896
8296
8122
3142
12769
4988
29465
7050
6674
25343
7459
22639
4069
24692
14852
9364
19778
15803
14148
9163
21411
19335
25094
17556
15351
23115
27989
26391
14634
11998
12916
25443
18250
10529
9287
28591
12263
12491
23808
16444
314
23172
28062
25731
10274
20595
18228
5644
10541
13362
31715
6801
3529
19213
1866
14403
2649
6774
13928
5348
26165
29691
30401
26019
6358
7768
29958
15124
2985
7035
21591
17050
6887
14425
6152
428
6363
382
29901
6940
22529
3195
9777
22608
30697
1702
7188
21994
7695
28158
25526
30860
12876
17325
27714
19473
18621
24119
13808
27015
29956
15440
15280
29982
360
26075
21728
29562
6176
29084
25265
3349
15222
13266
21152
2429
14568
11848
21731
20557
4529
2792
13451
22500
27281
19244
20038
933
13174
9952
1097
23267
1538
566
26993
31477
27739
13741
1261
23096
16135
19700
14086
14059
21868
27880
11617
1701
18526
12092
13696
27660
8716
27476
6744
12209
9897
15984
11332
24328
28759
815
28034
11432
9096
245
20806
6156
29310
11215
8149
13213
3201
4231
15208
15675
26531
12179
18568
5981
18506
15702
15479
25133
10306
5405
15443
22548
22935
5713
27124
27903
31413
4148
29241
21505
24447
20397
28096
4422
21749
31059
4111
30964
24718
23909
21319
12305
25838
22653
10287
27422
16055
15536
31575
18881
22607
13376
31179
23471
10917
11777
1415
25936
30187
28265
19201
15652
14341
10185
9244
18468
17173
4153
12548
24212
5496
18014
31752
21499
31027
17964
11279
21169
25747
20343
12912
29880
13359
30391
15699
12231
16641
8191
27706
1996
12001
18215
19759
28081
13918
28540
28347
22593
2767
17446
19170
11058
709
1704
3776
28382
12825
29708
19546
31279
2969
9873
11593
4286
3763
30673
20304
6046
11105
3536
1341
5246
2208
19648
11430
30028
26956
6758
23794
1161
19548
29583
24756
29924
22876
2908
16982
27826
11033
6906
10067
1661
4504
19647
7320
2376
3905
22205
15224
17370
10831
30925
24062
6947
28790
30328
18918
17055
4991
25530
11097
19424
19077
14198
20254
28890
30467
1976
23923
8920
15627
27461
3241
23745
18804
8600
9050
20240
18803
4767
21227
29429
12291
28957
15251
24822
30970
22175
8867
19794
17201
28873
24969
7257
20578
17272
16211
16125
24779
24035
5121
8442
11710
19885
30767
3156
19050
20828
23260
17263
17317
2765
8072
12714
20179
29034
27305
15837
22721
11914
18704
28123
6713
19174
14110
15574
14022
11042
11469
28304
22340
176
4617
16221
5112
8744
5198
25000
30988
3657
24154
25181
22317
26992
19514
2451
10184
30379
25166
26117
30242
2302
22136
29487
28586
27730
6643
19290
97
20926
2838
9237
18177
23835
20554
29065
21569
26562
22993
27542
12478
24205
12872
18397
19368
22631
24569
2379
8551
16480
9645
13045
29847
5318
6119
190
1738
19148
3170
6684
11075
30309
1416
2999
27212
9530
14082
13784
9551
17170
18631
6693
9370
23629
25146
13676
12467
12428
5705
9555
30101
13513
7857
9622
14832
19796
30439
10150
24667
19738
30564
22160
31475
2006
21395
3705
675
6258
5968
17451
25013
18369
21823
30653
9685
11321
23587
15806
24619
28958
20099
15
4359
8552
220
26026
462
21328
6874
18079
27863
28189
24097
7445
8209
21568
2181
5342
13449
12426
2540
21553
31040
26937
16100
632
5067
15601
24241
13086
1837
26389
11345
3588
24634
8211
878
25786
16157
23403
4168
9003
1540
28259
6499
2601
26339
31080
21865
25697
5463
28831
14167
3320
3218
11393
22813
12102
14963
24044
6493
12531
19711
2261
22686
26133
15976
24463
14713
25478
20209
25803
9970
9615
2921
3164
14920
9306
30120
1492
14352
16898
2370
2032
7902
18546
19273
16390
26405
29780
5147
31699
9128
20896
22327
11375
15978
15572
17116
9745
9906
30172
22682
30648
9137
29812
12437
13895
28124
14338
26883
13056
10840
20211
11967
28016
6050
22093
2133
107
19422
29369
13134
5953
17825
28272
12725
24695
9108
29252
24132
17158
10731
27799
13522
15779
16330
1736
13711
12893
25691
8515
15989
28480
16320
4026
20858
26047
29511
21315
20526
14273
27947
23216
11141
9187
18019
30700
20922
11968
25849
21637
25756
16475
11258
6949
12976
21292
24677
1812
10950
19052
28573
4080
12347
8858
5865
22380
13339
7425
26126
30612
29398
13410
17264
28470
21238
13317
20168
28177
25461
20959
30740
10435
3231
3595
19395
19568
16980
15715
16025
31411
18376
6052
19771
3688
11646
27712
20040
17257
11896
29235
26107
25447
3147
9790
28443
15796
10646
22248
2624
1401
24307
14542
2292
24654
17490
13901
1055
12583
25319
4209
20354
26961
23107
24262
29468
12575
276
30290
26879
19135
5874
4946
17652
29485
20844
16595
9180
27027
22977
24723
27664
13533
16239
3707
3353
6971
20256
12441
4522
28509
10496
11167
26896
9940
7485
2048
23155
21115
27761
25932
4085
13531
28072
29705
5237
22371
13176
14405
15625
23290
13118
8076
26424
28848
29373
12592
13151
13465
11112
17548
475
10579
30823
31508
31751
5904
17095
31585
16204
8389
6921
17768
28014
20480
13906
23778
959
24687
6056
22638
23286
2874
29711
28199
26684
1314
18387
2474
8469
19649
28963
12835
18494
21792
9643
30341
19600
7265
20344
15987
13089
19038
19268
12212
1900
1021
19508
13886
15549
6992
11483
22015
542
21254
2095
15063
3841
14662
19924
3645
7391
5657
27941
10474
29208
16616
21385
30893
9021
20692
23535
6025
24771
31180
28223
27066
31187
6849
17700
1082
18724
30770
23311
26058
10968
7355
5478
16956
17271
23006
15260
21859
4462
12622
2556
15151
31105
11909
31144
13742
26143
18189
24956
24561
26696
19093
3913
5948
28006
3033
29075
18523
9786
11080
11200
13977
20130
6443
4005
24638
18854
3518
14754
